0,501
108,12
0,500
0,491
0,490
0,489
0,488
0,487
0,484
0,483
0,482
120,39
120,38
120,37
0,481
0,480
0,476
0,475
120,36
0,473
0,472
0,470
120,35
10,3
11,2
11,1
11,3
9,2
9,1
9,3
8,2
8,1
8,3
12,2
12,1
12,3
112,8
112,7
112,6
112,5
112,4
112,3
112,2
112,1
112,0
111,4
111,3
111,2
111,1
111,0
110,3
110,2
110,1
110,0
109,3
109,2
109,1
109,0
108,11
108,10
108,9
108,8
108,7
108,6
108,5
108,4
108,3
108,2
108,1
108,0
107,5
107,4
107,3
107,2
107,1
107,0
106,4
106,3
106,2
106,1
106,0
105,3
105,2
105,1
105,0
104,9
104,8
104,7
104,6
104,5
104,4
104,3
104,2
104,1
104,0
103,3
103,2
103,1
103,0
102,4
102,3
102,2
102,1
102,0
101,4
101,3
101,2
101,1
101,0
100,4
100,3
100,2
100,1
100,0
99,9
99,8
99,7
99,6
99,5
99,4
99,3
99,2
99,1
99,0
98,5
98,4
98,3
98,2
98,1
98,0
97,11
97,10
97,9
97,8
97,7
97,6
97,5
97,4
97,3
97,2
97,1
97,0
96,4
96,3
96,2
96,1
96,0
95,5
95,4
95,3
95,2
95,1
95,0
94,15
94,14
94,13
94,12
94,11
94,10
94,9
94,8
94,7
94,6
94,5
94,4
94,3
94,2
94,1
83,7
83,6
83,1
60,3
60,1
52,3
52,1
45,15
45,1
20,3
20,2
20,1
19,3
19,2
19,1
18,3
18,1
